204
148
19
20
46
69
190
58
153
92
145
108
172
124
204
188
47
125
136
49
195
166
77
10
54
84
99
218
198
133
43
86
52
186
87
150
4
80
165
33
168
158
102
110
75
142
143
14
134
123
57
36
194
5
60
74
39
113
199
185
67
70
83
177
64
53
130
211
94
187
16
24
104
48
152
91
26
76
79
147
88
175
193
68
31
121
105
135
51
12
184
201
89
156
128
178
95
192
55
170
2
219
56
206
210
85
3
118
59
66
216
126
111
1
174
167
200
41
78
141
40
151
176
29
15
90
181
27
120
73
38
6
205
162
62
98
161
127
163
32
37
97
114
137
82
169
72
93
171
214
164
7
173
45
34
21
17
207
160
202
42
61
191
117
65
154
119
138
63
179
140
81
101
131
30
132
144
22
146
23
212
208
109
13
217
213
44
215
18
9
71
11
8
35
100
159
180
115
106
149
116
112
209
129
189
150
101 126 167 56 171 82 142 13 105 81 169 38 1 29 80 153 65 23 16 10 4 74 219 40 127 51 198 11 27 61 98 85 95 124 106 41 194 87 185 30 118 62 149 109 31 205 147 63 77 34 173 104 134 112 129 86 152 162 111 175 58 193 108 192 120 178 179 52 73 48 163 130 132 22 145 20 187 133 79 18 7 55 19 121 116 125 140 71 5 88 184 143 39 59 83 144 199 151 84 12 70 67 131 119 24 43 53 33 215 6 160 136 102 91 191 217 210 189 17 154 150 113 135 115 128 42 99 2 164 141 94 212 206 9 97 213 211 60 204 214 181 15 165 166 8 90 26 123 168 78
