677
639
43
246
439
500
164
317
609
380
31
458
548
253
399
528
364
251
213
141
147
544
321
301
288
594
518
249
173
311
118
524
167
30
647
682
550
530
605
498
344
449
589
441
278
477
104
13
541
559
637
356
207
446
271
692
306
315
283
90
531
230
533
144
464
632
425
361
440
578
412
573
394
281
186
132
320
417
16
73
606
137
626
194
97
108
400
351
14
289
385
610
45
190
643
146
188
57
34
102
212
204
571
549
699
92
115
585
1
202
60
601
161
536
612
516
130
592
411
72
262
110
171
107
181
308
79
437
342
678
64
390
681
424
426
660
327
523
596
322
429
447
659
76
509
662
551
526
443
153
151
277
25
193
105
419
250
453
36
598
312
248
624
633
465
245
656
697
285
418
162
192
568
398
563
572
15
198
640
163
49
648
540
241
211
136
422
78
91
481
445
403
495
442
450
686
155
98
209
279
58
134
435
267
159
328
501
618
316
56
461
7
472
84
138
508
87
12
668
222
685
227
410
199
343
555
18
131
519
485
584
367
602
2
415
114
319
121
22
133
402
622
420
206
247
41
349
580
142
37
581
471
323
560
655
201
670
503
565
395
48
642
569
653
432
554
547
325
384
282
326
479
26
379
154
258
484
636
431
240
480
156
228
21
635
502
47
628
333
511
352
651
46
122
552
416
305
469
28
174
145
71
179
150
357
657
101
381
520
370
667
165
219
438
135
337
268
9
645
61
6
617
313
373
183
347
5
595
608
694
53
404
666
298
505
421
665
488
630
597
124
476
70
152
24
408
27
330
120
583
382
494
627
510
462
451
338
170
513
600
586
641
329
127
273
185
44
274
191
300
631
257
332
377
341
232
506
83
75
664
128
619
340
218
52
208
391
463
427
74
620
220
354
607
433
489
691
423
693
405
295
588
474
95
473
225
529
255
383
293
353
234
591
239
575
42
29
661
93
88
309
324
99
82
59
217
695
527
113
233
237
40
259
359
304
276
566
334
346
290
397
284
143
260
375
470
123
507
625
275
483
252
180
590
496
81
261
269
32
292
10
242
229
454
68
406
63
629
345
216
355
166
413
125
51
430
611
574
604
460
318
236
65
515
684
363
116
582
650
264
392
542
126
148
649
270
487
401
614
459
493
492
444
297
676
386
468
467
663
291
634
456
644
414
557
371
265
50
196
203
365
189
69
497
677
158
387
698
106
38
448
129
172
254
169
339
266
388
457
17
223
366
672
85
522
690
368
112
119
486
4
455
175
466
537
294
226
235
603
11
396
310
564
570
543
621
54
149
407
546
654
491
19
89
613
195
140
8
545
200
376
673
679
362
579
374
55
238
452
80
86
593
499
623
66
280
263
512
176
168
490
103
244
567
539
303
538
434
428
96
35
534
215
307
286
689
674
272
221
109
197
210
224
514
532
409
378
369
700
187
184
302
94
287
436
680
615
3
561
117
67
687
111
182
517
558
39
478
314
296
675
160
556
638
335
475
683
599
616
525
23
205
553
231
77
299
139
671
576
20
577
178
393
372
696
562
360
521
46
485 86 332 426 216 346 458 660 624 603 19 300 642 105 414 654 395 85 311 582 323 293 299 481 461 668 261 542 484 455 394 450 590 524 206 633 700 521 134 363 602 34 99 198 498 237
