151
60
158
123
55
14
99
93
94
38
25
112
98
120
32
113
30
90
108
1
13
125
100
148
50
135
39
156
80
45
140
102
96
145
68
8
116
34
23
157
130
121
54
24
77
69
56
22
43
115
52
62
144
109
141
133
46
159
107
35
27
139
111
83
3
155
84
110
122
129
40
76
91
10
85
117
49
71
57
147
74
149
61
152
48
59
16
95
4
31
154
47
153
75
89
28
26
92
132
103
126
87
150
66
6
142
42
138
53
18
63
114
73
127
67
124
79
143
2
151
36
44
51
9
81
106
7
160
15
70
11
58
146
65
29
119
86
78
20
137
97
64
19
104
131
128
33
72
12
105
17
5
108
69 140 40 56 145 77 110 141 38 35 154 135 22 156 124 5 81 8 95 44 130 61 3 108 57 117 131 127 24 102 29 120 105 85 30 16 54 76 60 96 7 132 87 153 28 55 109 33 42 93 155 152 9 13 73 144 128 83 84 19 4 78 133 119 160 147 26 149 72 74 32 1 151 89 137 11 43 63 107 70 52 62 114 2 36 49 150 111 80 27 113 97 123 75 103 139 64 65 68 31 138 50 91 15 46 58 10 51
