415
206
232
395
393
68
372
104
272
347
48
167
399
18
337
33
179
102
96
30
311
155
277
38
261
199
64
181
352
82
160
201
219
354
409
90
401
216
27
109
339
97
26
86
101
75
269
185
198
1
229
73
358
392
387
238
13
341
279
321
17
182
80
246
49
286
326
383
262
254
81
421
83
186
257
312
400
184
36
67
331
292
120
345
177
425
263
320
334
164
230
31
15
210
406
361
34
396
266
213
350
58
300
79
124
270
371
220
28
353
419
356
389
412
299
290
207
420
77
21
328
46
427
93
11
283
143
112
411
162
293
294
402
8
351
170
259
397
117
24
298
239
237
265
137
307
85
87
6
278
141
59
158
113
384
53
215
74
131
100
76
110
375
115
60
302
54
71
189
381
315
330
398
178
365
364
129
273
133
84
388
310
316
308
72
192
303
247
45
134
197
268
418
56
35
394
61
122
92
55
376
50
407
176
209
4
161
377
149
367
222
7
9
267
14
258
291
260
70
422
390
256
275
346
305
415
217
156
314
196
317
135
153
41
66
145
343
40
285
249
323
157
130
379
169
150
139
251
386
234
212
29
385
369
195
373
20
255
289
221
208
296
94
89
322
382
287
194
128
173
187
180
163
244
242
108
171
233
360
348
119
349
25
152
280
253
65
47
126
138
12
301
333
205
403
140
416
306
105
248
228
103
52
340
223
127
123
125
336
78
236
91
329
39
276
16
132
98
414
22
151
288
116
332
188
218
175
304
231
191
235
410
190
99
2
413
325
193
174
240
154
172
3
284
95
118
200
114
374
404
202
252
57
62
428
203
297
147
136
274
5
327
224
417
295
204
405
88
243
355
423
281
42
363
241
338
159
424
111
366
282
107
324
43
44
121
166
226
309
245
225
211
335
357
319
370
106
148
271
63
51
368
146
23
10
214
165
359
168
264
380
378
183
250
362
426
79
402 60 309 421 53 393 140 16 346 416 75 54 378 231 218 138 327 129 415 152 322 160 33 276 211 220 2 156 125 426 376 226 248 264 251 266 133 79 418 389 307 199 59 41 363 368 146 132 290 414 68 210 395 364 316 216 411 36 170 278 396 131 80 27 120 252 193 39 166 111 203 289 130 121 23 221 213 34 186
