121
36
18
10
66
34
65
1
51
44
95
97
57
108
43
80
115
118
98
125
111
63
72
68
100
5
92
78
103
122
58
37
24
42
26
117
14
114
73
25
86
41
126
64
77
56
101
6
60
39
69
123
109
119
17
13
53
67
29
105
83
87
31
106
59
21
88
49
84
62
93
82
50
75
47
40
110
96
70
38
55
3
94
107
61
9
23
91
89
45
81
16
116
35
71
54
46
76
74
121
99
30
4
120
112
85
102
48
90
27
7
8
33
22
124
15
32
52
104
20
2
113
66
41 88 114 123 124 43 85 121 30 55 18 125 26 93 42 116 89 81 109 84 72 98 90 102 113 87 4 69 76 83 118 74 64 91 117 10 73 58 95 103 61 5 13 48 29 9 16 50 39 3 1 54 112 24 80 110 45 47 122 59 52 14 56 57 60 94
