1470
935
631
1044
217
447
411
48
1065
1415
649
1232
260
205
287
689
53
608
282
374
1463
456
515
1289
1476
718
96
184
1295
428
722
50
231
702
764
242
989
549
763
375
1366
82
1280
1168
1186
766
348
23
882
1085
1158
1141
726
1247
775
1437
429
1130
919
1448
604
1164
314
325
238
1180
1484
323
439
922
1399
717
146
932
635
1301
1362
141
1443
940
75
578
1177
610
752
455
1371
776
1128
796
1252
131
35
49
220
1094
1287
493
1127
1261
337
539
19
1163
1170
872
351
817
1238
801
942
537
1207
995
1245
1146
924
412
725
544
535
372
296
1138
216
200
108
1068
982
878
20
1102
1103
546
902
914
582
1422
1394
644
945
90
751
129
1334
99
1133
488
324
1321
142
1120
437
842
1271
335
603
939
202
1114
772
873
848
402
708
480
1427
1337
1435
119
642
1358
295
366
653
797
1338
377
583
760
1206
514
339
329
1267
1376
877
1013
1075
342
1038
626
1023
89
1090
917
229
952
1015
136
884
1262
298
192
360
1183
1465
1472
1439
1408
800
59
853
1240
1254
369
1126
1300
31
1475
100
1244
601
974
698
949
863
1333
181
233
1359
419
625
516
1201
856
312
1263
1496
188
1092
712
183
328
1477
956
67
727
18
1048
431
808
425
1377
157
221
219
946
201
955
687
1317
433
1198
1217
163
483
530
241
754
1490
1461
1053
866
442
841
1235
533
871
36
543
1084
1056
845
1375
854
585
785
39
953
399
1035
424
1225
1275
1236
947
1434
151
855
248
261
891
61
473
43
161
1011
1426
333
668
617
1
723
1014
1284
152
262
750
1393
88
225
1322
166
1080
145
1076
63
1148
1314
753
1459
1074
629
162
802
55
580
236
586
1136
1500
534
1312
1378
6
179
1106
1211
1483
326
606
257
272
1147
894
487
849
692
378
860
899
310
806
1269
1458
1318
1204
937
1405
175
1299
334
925
458
740
619
130
42
1051
235
1165
1077
191
123
497
490
252
499
693
663
173
17
74
1386
1331
1469
612
575
859
748
1212
918
44
1266
1305
137
767
400
1246
931
1382
1342
254
1255
228
1453
670
195
114
1368
285
291
1193
591
844
172
636
214
831
1349
1370
744
153
804
512
980
1188
56
661
2
1095
1093
1009
468
355
239
1208
944
1181
742
881
658
765
885
565
1315
1182
24
51
389
316
1407
961
948
1028
475
1203
908
1237
521
441
960
1460
628
1339
275
467
38
345
362
761
1046
673
777
967
370
209
821
469
1286
556
1336
602
1364
196
1425
1487
529
573
867
477
1283
165
774
1379
715
62
704
57
963
564
41
1218
735
60
489
1374
1096
547
1062
373
1134
510
541
1008
47
835
1438
548
269
466
1258
971
1156
1231
916
392
190
633
1335
358
861
1175
1446
350
1214
803
682
965
1067
669
1066
1072
1242
659
1395
1412
1197
1332
876
671
1140
1160
830
1497
277
87
637
396
1419
551
317
674
519
1292
584
363
1346
1400
33
1132
736
895
1398
1270
640
1341
101
1052
470
176
648
1424
979
745
1109
695
199
1031
79
234
410
886
45
1396
432
739
699
386
1196
865
558
888
1060
839
1253
680
1239
1440
1391
344
587
694
11
1491
594
1272
787
662
156
1131
1185
1344
1230
1464
1036
1403
664
1324
1467
376
1007
713
568
576
186
300
1397
570
409
446
361
716
273
1151
1018
1353
505
471
676
677
1450
30
972
492
791
124
384
115
1233
656
1086
245
959
309
462
1098
1199
762
155
1039
1367
968
771
1429
449
414
550
207
1401
524
622
1348
809
1178
814
1311
624
249
595
382
1222
1107
1406
69
341
1129
1143
950
1304
522
457
1308
984
94
964
759
1105
76
852
107
1042
545
1202
1423
251
588
962
25
1025
707
731
330
1161
1340
243
132
1356
491
1251
106
781
1078
666
1150
319
996
16
454
645
284
357
728
807
422
1436
1083
244
10
1172
405
1470
271
1492
1145
158
1115
1273
1480
270
1474
906
117
1040
1071
749
819
566
721
180
569
788
451
193
381
1481
730
22
194
215
349
438
987
427
571
1310
711
476
1485
1063
1326
683
990
823
1157
1017
1297
567
1330
1410
213
1449
834
301
1113
395
552
1082
401
1482
198
311
9
875
1033
210
338
448
1264
978
561
1498
259
559
815
86
913
171
799
1057
1248
77
1227
1416
1316
794
868
983
816
253
160
898
1104
732
304
1122
232
1069
1019
347
1027
147
1089
1306
14
445
701
818
1345
756
832
1365
1173
292
365
1125
227
615
1372
1167
286
46
684
843
920
874
1050
1302
623
1112
790
518
459
1291
993
966
167
281
1169
770
118
840
5
973
71
976
240
513
12
1205
453
255
302
444
1100
618
1411
1101
203
276
793
1417
1444
1432
579
346
1155
66
321
1307
605
577
975
1414
928
1282
297
572
614
1124
112
977
858
479
773
864
511
1354
1347
992
527
1385
1387
353
463
506
1219
620
32
1059
768
154
430
1210
907
900
755
912
1418
268
1249
1087
1000
690
1070
501
1171
93
70
212
1004
187
1184
208
1159
503
164
415
526
795
364
909
1055
627
313
189
600
218
98
581
413
168
520
969
290
805
336
1049
655
1119
1303
279
1179
226
1421
970
1493
789
850
1079
1442
1380
1355
679
138
1373
1388
393
1260
143
1020
354
847
1486
450
1221
593
1226
1001
474
1174
1357
1320
1118
104
404
1430
266
1456
985
904
267
486
986
824
532
103
1026
289
1064
185
643
1097
638
1187
482
1209
223
650
1276
504
936
880
1309
828
563
423
639
560
599
837
256
500
1024
780
1381
465
1389
893
128
303
838
724
889
332
222
508
720
1360
667
769
1329
417
1030
719
507
13
901
258
1290
15
784
1117
416
1029
954
73
58
177
65
278
657
1243
472
887
120
1328
836
306
1241
1037
553
1016
1445
211
1034
1390
729
672
696
1099
443
28
1274
1224
1277
747
182
941
958
440
280
426
783
897
542
230
293
110
1121
169
705
418
779
1005
685
1223
528
1111
778
957
494
461
408
826
7
632
40
892
598
224
743
1489
607
1108
709
1006
697
733
421
84
1293
1363
1176
1200
1154
385
1313
686
646
315
981
1192
367
398
1278
1041
896
305
1350
394
934
1061
1189
879
991
574
1088
356
1058
484
1191
485
870
1135
1047
943
21
144
1257
509
80
109
651
1420
178
538
938
1220
1234
1003
34
64
825
435
812
714
247
1021
652
481
1194
869
1462
589
616
710
596
390
68
464
798
495
139
299
133
27
83
148
1441
630
999
910
1012
1452
8
140
525
523
1471
434
1091
691
340
737
1256
320
1166
246
738
379
829
460
1433
540
159
263
294
621
1494
420
997
318
905
820
1043
322
554
883
1195
641
1468
1488
135
78
846
1215
1499
1392
1455
126
1288
927
1402
37
758
391
1022
597
531
1054
1413
634
102
1343
122
1384
1294
111
72
125
862
1073
921
3
700
1250
557
1383
592
1352
85
397
741
911
1323
97
359
988
1190
562
496
264
703
371
1409
452
197
237
92
678
792
308
890
274
1478
665
1473
127
688
407
1213
502
134
1479
811
1149
1466
833
611
1285
1265
827
1325
150
1216
1229
265
926
1369
478
1123
1281
91
170
436
288
675
52
352
331
1495
1137
734
1081
1116
380
406
105
1457
681
923
613
1319
1361
536
1045
857
706
951
660
1296
1032
1298
1268
1152
1010
95
786
1139
327
517
387
383
1447
1153
1451
647
746
4
1454
1431
782
368
1228
929
933
1279
403
757
998
810
851
1327
26
121
498
54
343
1002
433
415 1307 433 323 2 1476 1174 439 1362 1181 59 516 1466 797 990 754 842 1127 1024 117 482 883 808 760 1484 393 125 794 1066 850 324 1189 608 621 1091 370 8 758 64 1235 218 291 1236 1186 676 342 1221 1348 234 612 1494 469 1483 1257 496 102 1393 396 1225 688 639 1389 507 1242 871 730 1150 1390 952 933 900 477 1444 632 376 939 1179 1356 607 1126 867 17 1163 659 917 614 1210 531 156 1059 137 1159 248 182 398 268 1010 1472 693 823 47 301 683 1182 322 235 316 1358 318 358 1499 909 1479 1446 118 1417 20 485 1445 1171 723 934 304 774 1243 1313 403 777 210 982 837 1492 428 1099 286 1287 540 1117 1450 1231 1249 1079 1266 975 1289 178 1131 400 1139 372 957 963 138 361 792 99 1019 854 846 96 1239 1340 759 1274 526 694 937 504 300 255 1003 175 394 653 901 1439 16 1114 757 177 552 1029 1269 508 667 1060 633 858 750 1429 82 103 543 887 141 565 753 458 245 511 225 1317 977 1467 610 362 212 1237 60 108 581 319 215 357 1465 315 227 427 146 728 967 1018 955 189 1147 276 28 647 679 353 1234 422 514 839 1475 660 1229 834 703 267 1190 259 48 898 1058 112 86 664 183 629 1380 978 532 105 67 1260 1156 1005 806 1415 1346 150 920 773 525 23 865 535 521 509 486 1071 765 440 1355 91 21 1227 780 949 476 1175 1056 520 576 471 162 1405 1396 745 335 129 76 22 960 1021 894 441 1360 1241 314 445 50 298 90 734 101 1194 942 847 985 1013 38 97 1406 464 442 556 1427 371 1180 1143 61 1049 1217 991 1097 805 478 14 636 810 1135 1031 793 251 708 567 1487 161 873 1363 677 908 452 1020 1073 1381 1207 1120 327 981 448 554 1007 1118 631 1490 1203 262 1441 1280 691 863 559 751 666 62 1151 907 786 1149 1116 707 289 713 446 983 843 418 689 686 1325 169 678 762 661 1316 386 334 344 1027 970 1308 905 493 84 494 1457 257 340 1485 1353 1008 1014 341 673 838 133 1188 1397 130 364 1068 729 71 938 431 271 1112 670 1451 1204 1254 845 455 530 550 240 1334 675 586 278
