287
101
91
12
299
250
34
288
68
272
164
294
266
231
264
297
87
154
235
19
135
112
51
209
151
73
44
155
204
293
103
108
97
77
163
258
285
162
152
56
118
275
178
180
100
64
280
260
38
233
61
295
32
281
130
254
179
146
28
157
150
291
138
158
71
211
43
53
241
243
75
201
47
127
15
261
136
212
225
181
7
149
74
273
82
58
67
36
195
50
107
52
11
17
110
39
270
219
263
239
286
83
237
200
298
141
188
284
174
193
161
5
23
10
271
244
8
45
169
289
131
253
191
283
238
49
208
156
116
223
48
16
217
60
86
99
2
173
14
166
139
226
128
133
126
93
267
216
143
287
257
37
65
228
102
252
199
25
268
137
120
35
69
290
282
249
171
24
194
13
168
296
255
198
129
206
246
62
117
182
215
153
227
170
81
4
242
159
172
144
63
55
185
279
29
57
30
262
248
232
214
40
66
256
22
230
192
27
147
111
121
6
134
277
59
269
276
148
259
79
90
145
98
85
125
140
240
177
122
70
196
21
1
132
3
124
160
175
251
92
113
142
236
54
221
202
31
210
220
187
109
213
95
20
245
167
119
96
229
274
203
165
46
80
224
222
18
105
26
189
115
84
42
78
218
292
9
234
76
72
94
205
88
190
183
104
89
247
231
267 4 109 237 71 144 227 152 83 230 250 40 29 255 297 130 89 249 218 110 298 79 153 98 277 27 268 6 183 259 5 272 155 231 182 119 242 196 104 92 215 251 213 159 206 214 195 108 234 204 115 247 122 112 105 139 20 158 77 167 95 21 228 63 236 64 289 199 209 141 45 13 275 279 54 243 211 56 221 23 150 126 138 171 283 151 143 113 58 245 288 226 39 50 103 84 14 284 280 263 200 60 192 185 102 294 229 210 235 75 299 120 260 202 169 269 86 93 174 223 257 59 132 76 179 31 190 67 47 145 24 97 68 219 157 296 258 46 32 38 291 55 293 274 261 276 15 238 136 281 239 12 244 8 16 282 224 160 22 175 81 80 181 166 37 133 96 70 128 88 30 147 180 42 91 208 161 178 28 168 26 19 170 99 165 256 74 131 187 248 129 72 140 164 292 17 127 134 193 216 270 271 10 121 220 295 149 290 125 48 286 162 148 163 253 61 87 273 262 285 191 201 94 116 90 44 188 137 173 189 264
