1499
-1499
-1496
-1496
-1494
-1492
-1489
-1482
-1475
-1473
-1473
-1471
-1471
-1468
-1468
-1468
-1463
-1461
-1458
-1457
-1456
-1456
-1453
-1453
-1448
-1446
-1441
-1440
-1439
-1439
-1433
-1432
-1431
-1427
-1426
-1425
-1423
-1423
-1423
-1417
-1416
-1415
-1415
-1412
-1411
-1411
-1407
-1404
-1403
-1401
-1400
-1399
-1397
-1388
-1387
-1387
-1381
-1378
-1376
-1374
-1364
-1362
-1359
-1357
-1356
-1356
-1355
-1352
-1352
-1348
-1344
-1344
-1341
-1340
-1336
-1336
-1333
-1331
-1331
-1329
-1326
-1326
-1323
-1318
-1317
-1316
-1308
-1306
-1305
-1305
-1303
-1303
-1301
-1300
-1296
-1296
-1295
-1292
-1291
-1287
-1284
-1282
-1281
-1275
-1274
-1272
-1269
-1267
-1266
-1261
-1260
-1253
-1252
-1244
-1244
-1243
-1239
-1239
-1236
-1235
-1232
-1226
-1226
-1218
-1217
-1212
-1212
-1210
-1209
-1207
-1201
-1198
-1196
-1196
-1196
-1195
-1193
-1192
-1190
-1190
-1186
-1183
-1182
-1179
-1178
-1177
-1173
-1172
-1171
-1168
-1168
-1165
-1165
-1161
-1160
-1155
-1155
-1154
-1153
-1151
-1147
-1146
-1146
-1144
-1140
-1134
-1134
-1133
-1132
-1129
-1127
-1126
-1126
-1126
-1125
-1124
-1123
-1120
-1120
-1118
-1117
-1115
-1114
-1112
-1112
-1112
-1109
-1109
-1107
-1103
-1103
-1103
-1103
-1102
-1097
-1096
-1096
-1093
-1087
-1087
-1080
-1079
-1079
-1077
-1075
-1072
-1070
-1067
-1067
-1066
-1062
-1062
-1061
-1059
-1056
-1051
-1051
-1051
-1050
-1049
-1049
-1047
-1046
-1037
-1037
-1037
-1036
-1036
-1036
-1034
-1033
-1028
-1027
-1016
-1012
-1010
-1006
-999
-998
-995
-995
-995
-994
-992
-991
-990
-986
-985
-984
-983
-983
-982
-981
-979
-979
-976
-976
-968
-964
-963
-958
-953
-952
-952
-951
-945
-941
-941
-940
-939
-936
-935
-933
-933
-931
-930
-928
-927
-925
-923
-922
-920
-918
-917
-916
-913
-912
-911
-908
-906
-906
-904
-903
-900
-898
-894
-893
-889
-889
-889
-888
-886
-886
-879
-875
-875
-874
-873
-873
-873
-870
-865
-865
-862
-861
-854
-850
-849
-848
-846
-845
-845
-844
-844
-844
-842
-840
-839
-837
-834
-833
-830
-830
-829
-829
-825
-823
-821
-819
-817
-816
-815
-811
-810
-807
-806
-805
-800
-800
-799
-797
-797
-794
-793
-793
-789
-789
-783
-776
-775
-773
-773
-769
-769
-768
-768
-765
-764
-760
-759
-757
-755
-754
-754
-751
-750
-749
-746
-744
-743
-743
-741
-741
-739
-739
-739
-737
-736
-728
-726
-726
-720
-720
-717
-717
-713
-712
-707
-706
-705
-704
-704
-701
-695
-693
-692
-687
-685
-685
-684
-682
-682
-680
-677
-676
-662
-657
-654
-651
-651
-647
-646
-641
-641
-641
-640
-635
-635
-632
-632
-626
-623
-621
-604
-603
-602
-601
-600
-598
-597
-594
-592
-591
-589
-587
-587
-585
-584
-573
-569
-565
-563
-561
-559
-557
-556
-556
-552
-552
-550
-549
-549
-548
-544
-540
-539
-536
-536
-536
-535
-530
-530
-528
-526
-525
-524
-523
-518
-513
-512
-511
-511
-510
-510
-507
-506
-505
-500
-499
-497
-493
-488
-486
-485
-480
-479
-473
-471
-470
-468
-463
-463
-461
-460
-455
-455
-455
-454
-453
-452
-448
-446
-446
-445
-443
-441
-439
-438
-438
-437
-437
-436
-435
-431
-428
-428
-428
-426
-424
-422
-415
-414
-407
-406
-405
-404
-403
-403
-402
-402
-399
-399
-397
-396
-394
-392
-391
-390
-388
-386
-385
-385
-384
-380
-378
-376
-374
-374
-372
-371
-369
-367
-365
-360
-350
-350
-348
-344
-342
-338
-325
-324
-323
-316
-315
-311
-306
-305
-303
-302
-301
-299
-295
-294
-292
-292
-292
-292
-286
-286
-286
-283
-282
-281
-281
-279
-279
-275
-275
-273
-273
-271
-270
-270
-270
-268
-265
-262
-261
-258
-257
-257
-256
-256
-254
-253
-246
-245
-243
-240
-236
-228
-224
-223
-221
-218
-212
-211
-204
-202
-202
-201
-195
-193
-193
-190
-190
-189
-188
-182
-182
-178
-178
-176
-176
-175
-175
-174
-166
-164
-163
-163
-162
-156
-154
-145
-144
-142
-138
-137
-136
-136
-132
-131
-130
-129
-125
-123
-122
-121
-120
-118
-118
-113
-112
-112
-112
-111
-110
-107
-106
-104
-102
-97
-97
-96
-93
-92
-84
-83
-80
-79
-79
-78
-69
-68
-64
-61
-52
-52
-50
-48
-47
-45
-40
-39
-39
-39
-37
-35
-35
-33
-33
-32
-31
-30
-26
-26
-24
-23
-20
-20
-17
-15
-9
-7
-6
-3
-3
0
1
2
8
8
11
11
12
12
14
15
19
21
22
22
23
23
24
24
25
26
27
27
28
29
37
37
38
41
41
45
45
46
48
50
51
51
53
53
54
58
58
59
61
63
65
68
68
70
71
76
77
79
80
82
84
86
88
89
90
91
93
96
97
106
109
109
113
114
116
116
117
117
118
118
120
121
122
122
123
123
125
125
126
129
129
129
134
134
136
145
147
147
147
148
149
153
154
157
157
158
159
159
160
161
161
162
163
164
172
172
178
181
186
186
194
199
201
202
205
205
207
209
212
213
217
217
217
218
221
226
227
228
229
232
233
235
243
244
244
245
246
251
254
256
264
264
265
265
267
270
271
274
276
277
278
278
280
283
284
289
291
292
292
294
298
300
302
303
304
306
309
314
314
314
316
319
319
320
321
325
325
327
328
330
330
332
333
335
339
339
341
343
344
345
345
346
347
349
350
351
357
359
360
361
361
362
362
365
365
366
368
370
370
372
374
375
376
377
377
379
381
381
384
385
387
393
394
396
397
399
401
407
409
410
410
417
421
422
424
425
427
430
432
432
432
433
434
434
438
439
441
442
445
451
452
452
453
454
455
456
456
460
461
466
468
469
470
471
473
476
476
479
479
481
484
486
490
493
498
499
501
503
504
511
516
516
517
530
531
532
532
534
540
540
542
543
543
544
546
548
548
549
553
557
557
560
563
567
569
570
570
571
575
582
585
585
588
590
593
594
595
601
601
602
603
604
606
607
608
609
610
611
611
612
613
617
618
620
620
621
621
622
623
624
625
627
628
629
631
632
633
634
636
637
639
641
646
650
652
653
654
657
658
661
662
663
664
667
669
671
673
673
674
677
679
679
679
687
689
691
692
692
694
697
698
701
701
702
702
707
710
713
715
717
719
720
721
724
728
728
729
729
730
738
743
743
744
748
748
749
749
750
750
750
754
756
757
758
758
760
761
762
762
762
763
769
770
772
772
772
773
775
776
779
781
781
786
792
792
792
796
797
800
800
802
804
805
805
806
808
809
809
813
813
813
814
817
823
825
827
828
830
831
831
834
834
835
838
838
845
845
849
863
865
865
870
870
871
873
875
875
877
886
887
888
889
889
889
891
895
898
900
901
903
908
909
910
913
916
916
919
919
920
921
923
923
927
931
931
932
933
936
938
942
944
947
947
949
954
957
959
959
963
965
965
966
970
972
972
973
977
977
977
981
983
985
985
985
988
990
997
998
998
999
1005
1007
1013
1013
1014
1016
1017
1018
1020
1021
1023
1024
1028
1028
1030
1030
1034
1035
1040
1041
1042
1042
1042
1043
1045
1052
1054
1055
1059
1059
1060
1063
1064
1065
1067
1071
1072
1074
1077
1083
1087
1089
1091
1092
1095
1097
1100
1105
1106
1107
1109
1110
1112
1112
1130
1136
1138
1141
1142
1142
1144
1144
1149
1152
1159
1160
1162
1163
1165
1168
1168
1170
1170
1170
1172
1176
1177
1180
1183
1186
1187
1189
1195
1196
1196
1199
1199
1206
1215
1216
1218
1218
1222
1224
1226
1229
1234
1238
1238
1239
1246
1252
1256
1256
1259
1260
1262
1266
1266
1267
1268
1269
1269
1270
1272
1276
1276
1277
1277
1278
1281
1284
1284
1286
1287
1287
1290
1291
1294
1296
1301
1307
1309
1309
1310
1313
1314
1317
1319
1319
1320
1320
1322
1325
1326
1326
1327
1334
1342
1343
1344
1345
1346
1348
1350
1354
1359
1361
1366
1366
1367
1367
1370
1370
1371
1371
1372
1374
1375
1377
1379
1382
1382
1385
1387
1389
1390
1393
1396
1398
1399
1399
1402
1407
1413
1414
1414
1415
1417
1417
1418
1418
1419
1421
1425
1427
1427
1428
1430
1432
1440
1451
1452
1455
1456
1458
1458
1462
1462
1462
1469
1469
1470
1471
1472
1473
1474
1477
1480
1485
1485
1489
1491
1493
1496
1497
1438
-1501
-1498
-1495
-1495
-1493
-1493
-1491
-1490
-1484
-1483
-1482
-1482
-1481
-1481
-1480
-1474
-1471
-1468
-1465
-1464
-1462
-1454
-1451
-1448
-1447
-1446
-1443
-1442
-1436
-1436
-1436
-1435
-1434
-1434
-1430
-1429
-1426
-1424
-1423
-1420
-1413
-1408
-1406
-1404
-1400
-1400
-1397
-1397
-1395
-1395
-1391
-1389
-1387
-1387
-1385
-1384
-1379
-1376
-1376
-1375
-1375
-1374
-1370
-1370
-1367
-1366
-1365
-1364
-1360
-1359
-1359
-1358
-1356
-1354
-1354
-1351
-1348
-1346
-1345
-1345
-1344
-1338
-1333
-1327
-1325
-1324
-1322
-1319
-1318
-1315
-1314
-1309
-1307
-1306
-1304
-1304
-1302
-1300
-1295
-1294
-1293
-1290
-1288
-1288
-1287
-1284
-1283
-1282
-1280
-1278
-1277
-1274
-1267
-1266
-1266
-1263
-1263
-1260
-1260
-1253
-1253
-1252
-1250
-1249
-1247
-1239
-1237
-1234
-1230
-1230
-1229
-1228
-1227
-1222
-1217
-1216
-1215
-1214
-1211
-1211
-1203
-1203
-1202
-1202
-1201
-1196
-1195
-1193
-1192
-1191
-1188
-1187
-1186
-1186
-1185
-1184
-1184
-1184
-1182
-1175
-1175
-1172
-1170
-1170
-1170
-1168
-1165
-1163
-1159
-1154
-1152
-1150
-1150
-1149
-1147
-1143
-1143
-1141
-1140
-1139
-1133
-1132
-1132
-1131
-1128
-1124
-1124
-1122
-1121
-1119
-1117
-1115
-1113
-1110
-1109
-1107
-1105
-1104
-1100
-1099
-1096
-1093
-1093
-1090
-1084
-1080
-1076
-1076
-1074
-1071
-1071
-1068
-1065
-1064
-1060
-1049
-1045
-1043
-1040
-1037
-1034
-1032
-1030
-1027
-1026
-1024
-1024
-1023
-1021
-1021
-1019
-1018
-1016
-1015
-1011
-1009
-1009
-1006
-1005
-1003
-1003
-1002
-1001
-1001
-998
-995
-993
-992
-986
-981
-975
-975
-973
-970
-967
-967
-964
-964
-959
-956
-956
-954
-953
-951
-951
-938
-934
-933
-932
-926
-926
-925
-921
-921
-921
-919
-918
-916
-914
-912
-911
-910
-909
-907
-902
-902
-900
-897
-896
-894
-893
-891
-890
-890
-890
-885
-885
-885
-885
-884
-876
-872
-869
-868
-866
-865
-864
-863
-860
-858
-852
-849
-847
-839
-838
-837
-837
-836
-836
-834
-831
-831
-822
-820
-819
-818
-818
-814
-814
-814
-810
-805
-803
-802
-801
-800
-798
-797
-796
-794
-791
-791
-787
-778
-778
-776
-775
-775
-770
-767
-765
-764
-762
-757
-754
-752
-750
-749
-749
-747
-743
-741
-741
-735
-735
-733
-732
-729
-729
-722
-720
-720
-717
-710
-710
-710
-710
-707
-707
-704
-704
-704
-703
-701
-701
-701
-698
-697
-697
-695
-691
-689
-687
-687
-684
-683
-682
-681
-681
-681
-681
-679
-677
-676
-676
-674
-674
-673
-673
-671
-671
-669
-669
-652
-648
-648
-642
-639
-637
-635
-635
-634
-633
-632
-632
-630
-629
-626
-625
-622
-619
-619
-617
-616
-616
-616
-615
-613
-609
-608
-606
-605
-603
-603
-601
-597
-597
-590
-590
-587
-586
-576
-570
-568
-566
-560
-557
-556
-555
-555
-553
-550
-548
-546
-545
-540
-540
-537
-536
-535
-531
-530
-528
-528
-527
-526
-526
-523
-523
-521
-520
-519
-519
-518
-513
-511
-510
-508
-497
-496
-493
-487
-486
-483
-478
-477
-474
-467
-466
-464
-463
-460
-459
-458
-454
-452
-452
-451
-451
-446
-444
-443
-442
-441
-438
-429
-427
-422
-421
-419
-416
-415
-415
-415
-413
-413
-411
-410
-410
-405
-404
-403
-400
-399
-398
-396
-393
-388
-387
-387
-386
-386
-382
-379
-372
-368
-368
-367
-365
-365
-361
-359
-357
-356
-355
-354
-348
-348
-348
-348
-341
-337
-334
-331
-331
-329
-328
-327
-325
-325
-325
-324
-323
-321
-318
-317
-312
-312
-304
-302
-302
-288
-287
-286
-284
-282
-281
-281
-272
-271
-270
-269
-266
-258
-257
-253
-252
-249
-249
-246
-243
-241
-240
-238
-238
-237
-236
-235
-233
-233
-231
-229
-226
-224
-223
-222
-220
-220
-218
-218
-217
-217
-216
-215
-212
-209
-208
-207
-206
-205
-202
-202
-198
-198
-195
-195
-194
-193
-191
-191
-188
-184
-183
-182
-178
-177
-174
-171
-171
-168
-168
-166
-165
-164
-160
-156
-156
-155
-153
-145
-143
-140
-140
-139
-139
-136
-135
-131
-126
-126
-123
-119
-119
-119
-118
-117
-116
-115
-115
-112
-108
-105
-103
-93
-89
-81
-80
-78
-78
-72
-71
-69
-69
-68
-67
-66
-65
-61
-56
-50
-48
-47
-43
-42
-41
-38
-37
-36
-35
-32
-25
-23
-19
-15
-14
-10
-9
-9
-5
-5
-5
-4
-3
-3
0
1
3
5
6
9
9
10
13
13
18
19
22
23
26
26
28
32
35
38
44
47
47
50
54
56
56
58
58
58
66
69
73
74
76
86
86
86
98
98
102
104
109
110
110
111
112
113
113
114
114
114
115
119
119
120
124
125
126
126
131
134
135
139
139
139
140
143
144
144
146
147
156
157
159
159
161
162
167
168
168
169
170
171
171
174
177
191
192
192
193
200
202
203
216
219
221
221
222
223
224
229
231
231
237
237
239
243
248
253
254
255
258
260
261
266
267
269
269
281
285
286
288
289
291
294
297
301
302
302
303
306
307
307
307
309
309
310
311
313
315
316
319
325
328
328
331
333
336
337
338
345
345
345
348
351
352
354
355
355
358
359
359
361
363
369
369
371
374
374
377
379
389
389
393
394
394
395
397
402
407
407
413
416
420
423
424
428
428
428
431
433
435
438
445
445
451
451
452
456
462
465
466
466
466
470
472
476
477
483
484
489
496
501
518
518
519
522
525
526
526
529
531
536
538
538
541
544
544
545
545
548
550
553
556
557
561
564
565
568
570
572
574
575
579
584
585
587
588
589
594
596
597
598
599
602
605
605
614
622
627
627
628
630
632
634
636
637
637
645
651
656
657
659
663
663
665
665
666
666
671
671
673
673
673
675
675
676
680
681
684
684
686
687
688
691
694
697
698
700
704
710
710
711
711
714
716
717
719
719
720
720
721
723
724
725
726
728
731
732
733
734
735
735
738
739
742
743
744
748
749
749
753
754
757
757
757
760
761
764
765
768
771
772
772
773
775
778
779
792
792
792
792
794
794
794
797
804
807
807
807
807
808
809
809
809
809
812
814
817
817
819
827
831
832
833
838
839
841
842
842
845
851
852
854
856
860
860
862
869
869
876
877
877
880
881
881
882
882
882
891
892
895
899
902
902
904
905
906
908
910
914
914
914
919
919
920
921
926
930
932
934
934
934
936
940
942
943
943
943
943
944
946
947
947
947
949
952
955
956
957
957
958
960
960
960
965
966
969
971
972
973
982
984
989
992
993
994
995
998
998
999
1000
1003
1003
1003
1004
1004
1006
1007
1009
1010
1011
1013
1015
1015
1015
1020
1021
1025
1025
1028
1028
1029
1030
1030
1034
1035
1037
1038
1039
1040
1041
1041
1043
1044
1044
1048
1049
1049
1051
1052
1053
1053
1056
1057
1058
1059
1059
1061
1061
1062
1064
1065
1068
1069
1070
1074
1075
1079
1080
1085
1085
1090
1092
1093
1096
1096
1097
1097
1098
1098
1107
1109
1110
1112
1114
1117
1117
1117
1118
1119
1120
1125
1128
1131
1131
1131
1132
1138
1140
1141
1143
1143
1145
1146
1147
1148
1150
1150
1151
1153
1155
1158
1159
1161
1161
1163
1166
1167
1168
1169
1172
1173
1174
1177
1180
1181
1181
1185
1186
1187
1193
1193
1196
1196
1197
1197
1199
1201
1206
1208
1211
1214
1217
1220
1220
1221
1224
1230
1232
1234
1235
1236
1236
1238
1239
1239
1245
1246
1250
1252
1256
1258
1262
1266
1267
1267
1268
1273
1275
1284
1284
1289
1289
1298
1302
1304
1307
1307
1308
1309
1310
1313
1315
1316
1320
1321
1324
1325
1327
1328
1329
1332
1335
1340
1343
1345
1346
1352
1353
1355
1359
1359
1369
1373
1374
1375
1376
1376
1377
1386
1387
1388
1388
1391
1392
1397
1399
1403
1403
1404
1404
1414
1415
1416
1417
1420
1423
1426
1428
1446
1447
1449
1449
1450
1451
1452
1454
1454
1454
1456
1457
1461
1463
1468
1470
1472
1474
1476
1476
1478
1479
1482
1485
1485
1488
1489
1490
1492
1493
1494
1495
1500
