668
-700
-700
-698
-697
-697
-696
-690
-689
-687
-676
-676
-674
-673
-667
-667
-665
-660
-658
-658
-656
-649
-648
-647
-646
-642
-641
-640
-633
-633
-629
-626
-624
-623
-622
-621
-619
-614
-614
-610
-608
-607
-601
-600
-599
-593
-591
-583
-583
-580
-575
-572
-565
-562
-559
-558
-552
-548
-548
-547
-547
-545
-544
-541
-541
-541
-541
-540
-540
-539
-538
-538
-535
-535
-533
-533
-532
-532
-529
-527
-527
-526
-526
-525
-523
-518
-516
-514
-510
-507
-506
-505
-503
-502
-501
-501
-500
-498
-498
-498
-496
-490
-488
-488
-483
-481
-481
-477
-476
-475
-474
-474
-473
-467
-464
-464
-462
-462
-461
-461
-457
-455
-453
-452
-451
-449
-447
-447
-445
-441
-438
-437
-433
-430
-428
-424
-421
-420
-415
-411
-408
-404
-402
-400
-399
-396
-386
-386
-385
-385
-384
-382
-380
-378
-374
-374
-364
-362
-361
-360
-359
-358
-355
-351
-351
-347
-340
-336
-332
-332
-331
-328
-327
-325
-324
-321
-320
-319
-315
-313
-312
-312
-311
-308
-301
-299
-294
-291
-289
-287
-283
-279
-278
-275
-275
-273
-267
-265
-265
-264
-263
-256
-247
-246
-240
-240
-238
-238
-231
-229
-228
-224
-223
-221
-219
-216
-215
-214
-213
-211
-207
-206
-202
-202
-197
-196
-195
-193
-192
-189
-186
-185
-184
-184
-183
-183
-183
-181
-180
-180
-180
-180
-174
-174
-171
-167
-163
-156
-141
-140
-134
-134
-125
-123
-121
-116
-114
-112
-110
-109
-103
-102
-99
-98
-97
-97
-94
-93
-91
-88
-87
-84
-83
-81
-78
-76
-72
-71
-71
-70
-67
-64
-62
-62
-57
-56
-50
-50
-49
-49
-47
-47
-46
-43
-43
-41
-41
-40
-38
-32
-31
-28
-27
-23
-22
-15
-14
-13
-11
-9
-8
-8
-6
-4
4
5
7
7
7
7
8
13
15
19
25
26
28
28
29
31
35
36
37
39
41
42
43
55
58
59
61
63
65
69
72
72
72
75
75
75
76
80
87
89
92
95
95
96
98
100
102
103
104
104
107
109
113
115
119
120
121
124
125
132
132
134
134
136
140
142
146
147
149
151
151
155
155
157
157
157
160
162
163
165
170
177
181
183
185
185
186
187
189
192
192
192
193
193
194
200
201
208
209
211
212
219
225
227
229
232
233
233
237
239
241
242
244
244
246
247
250
251
252
252
256
259
262
263
264
265
268
270
274
275
279
282
283
288
289
291
291
292
292
293
293
303
308
309
310
312
313
316
318
320
325
325
328
329
331
336
337
338
339
343
344
344
346
347
351
351
353
354
355
356
358
358
360
362
365
366
367
368
372
373
374
377
382
383
385
385
389
390
394
395
396
396
397
397
398
407
407
409
413
414
418
424
425
425
429
432
436
436
436
439
439
440
440
447
448
450
454
455
461
461
463
463
468
468
474
475
477
479
484
485
486
495
495
496
497
497
497
499
499
500
500
503
506
508
508
510
511
514
515
518
520
522
522
524
526
526
526
530
531
531
535
535
539
539
540
541
544
544
547
548
553
558
562
567
568
568
569
571
571
571
575
576
577
577
579
583
583
586
587
588
590
592
595
595
596
601
609
611
613
613
614
614
615
619
621
624
628
628
628
629
630
632
633
633
634
636
636
639
641
642
643
643
646
647
649
652
653
653
654
657
657
658
659
659
660
660
662
667
669
669
670
673
674
674
676
680
681
685
691
694
698
699
700
700
700
656
-700
-697
-695
-695
-690
-689
-687
-684
-683
-682
-679
-677
-673
-670
-664
-661
-661
-661
-656
-655
-653
-653
-651
-651
-649
-649
-644
-643
-643
-643
-642
-640
-634
-633
-631
-631
-630
-628
-628
-628
-626
-623
-620
-614
-613
-613
-612
-603
-601
-601
-598
-598
-598
-598
-597
-591
-587
-582
-582
-580
-580
-578
-575
-571
-571
-570
-569
-567
-564
-554
-554
-554
-552
-551
-550
-546
-544
-535
-528
-528
-526
-522
-522
-521
-519
-516
-512
-511
-508
-508
-508
-506
-499
-494
-492
-492
-492
-491
-491
-488
-488
-488
-487
-479
-479
-478
-478
-477
-476
-475
-474
-472
-470
-470
-468
-468
-465
-465
-463
-457
-456
-453
-452
-451
-449
-447
-439
-435
-430
-429
-428
-424
-417
-410
-410
-406
-404
-403
-402
-399
-396
-393
-392
-392
-390
-387
-383
-380
-378
-377
-377
-375
-373
-373
-369
-367
-364
-364
-364
-360
-358
-355
-355
-353
-345
-343
-339
-335
-335
-334
-333
-327
-326
-317
-316
-312
-312
-312
-309
-299
-298
-296
-294
-291
-291
-290
-289
-286
-285
-278
-274
-272
-270
-264
-261
-258
-253
-252
-251
-249
-248
-247
-245
-243
-242
-241
-241
-239
-236
-236
-235
-235
-234
-231
-231
-227
-225
-222
-222
-220
-220
-218
-216
-215
-211
-210
-208
-204
-204
-202
-201
-200
-200
-198
-198
-198
-198
-198
-196
-196
-194
-194
-193
-193
-192
-188
-188
-180
-179
-178
-178
-177
-175
-172
-165
-160
-158
-156
-155
-153
-152
-151
-150
-144
-144
-143
-142
-141
-139
-139
-139
-137
-135
-135
-134
-131
-129
-126
-123
-123
-120
-120
-120
-119
-119
-115
-113
-112
-109
-107
-105
-103
-103
-100
-95
-93
-91
-89
-86
-81
-81
-81
-79
-78
-77
-77
-73
-70
-68
-67
-65
-64
-62
-60
-59
-54
-54
-51
-51
-50
-49
-48
-48
-48
-47
-46
-45
-39
-38
-35
-35
-34
-32
-32
-31
-28
-24
-22
-21
-18
-13
-12
-9
1
1
1
1
2
2
7
8
9
9
15
15
16
22
22
23
24
26
27
29
31
33
34
35
36
37
38
39
39
40
44
49
57
60
60
62
62
64
69
74
74
74
76
82
83
85
88
91
96
97
97
98
100
102
105
107
108
110
112
113
119
123
124
126
127
129
132
144
145
154
155
155
162
164
168
170
171
176
180
181
183
184
185
187
189
190
191
194
195
197
202
203
206
206
206
207
212
216
216
217
219
220
227
232
232
233
235
238
244
246
247
248
249
251
252
253
257
261
261
262
262
268
271
275
275
276
279
282
284
286
287
290
291
293
293
293
298
299
306
308
314
315
317
318
320
324
328
330
334
335
337
343
345
355
361
362
362
365
367
368
369
371
373
374
375
380
382
382
386
388
390
397
400
407
408
409
412
413
415
416
420
423
423
426
426
427
437
439
440
442
449
450
452
456
461
465
467
467
472
473
476
478
483
483
488
490
492
492
493
494
495
495
498
498
499
499
501
503
504
505
506
507
510
512
513
513
515
516
516
518
520
520
521
524
526
529
530
534
534
534
536
536
537
538
541
544
544
548
554
555
562
562
563
566
567
567
568
571
576
580
589
589
590
592
594
596
599
600
607
608
609
613
614
616
621
622
623
627
628
628
629
630
638
642
643
644
648
648
648
649
650
654
654
658
669
671
675
676
676
677
677
679
679
680
683
684
687
690
691
692
697
699
699
