153
-159
-159
-157
-155
-155
-154
-150
-148
-141
-141
-140
-139
-136
-136
-132
-127
-125
-122
-122
-119
-118
-118
-113
-112
-111
-103
-100
-99
-99
-97
-95
-93
-93
-91
-89
-88
-87
-85
-85
-83
-82
-81
-80
-79
-73
-69
-66
-65
-64
-57
-56
-51
-49
-46
-45
-43
-43
-41
-38
-37
-35
-32
-30
-28
-28
-26
-25
-23
-22
-18
-17
-14
-14
-13
-12
-11
-10
-10
-5
-4
-1
0
1
6
12
14
15
22
23
24
25
27
29
29
31
32
33
41
44
51
57
58
63
65
71
74
77
78
79
84
85
87
87
87
93
95
95
95
96
97
102
107
108
108
109
110
110
110
110
111
116
122
126
129
129
133
135
136
137
141
142
142
142
144
144
146
147
148
150
151
154
157
159
149
-161
-153
-147
-147
-145
-144
-142
-139
-139
-139
-130
-129
-128
-127
-126
-122
-121
-120
-116
-113
-109
-104
-103
-103
-95
-95
-93
-83
-82
-78
-71
-70
-69
-69
-65
-65
-64
-60
-48
-47
-46
-45
-43
-43
-41
-40
-37
-31
-30
-29
-29
-29
-28
-27
-26
-25
-25
-20
-17
-15
-15
-14
-12
-9
-6
-2
-2
-2
1
1
3
4
4
6
11
11
15
19
19
21
21
21
22
23
25
29
29
30
36
36
36
42
45
46
46
47
50
50
53
54
61
62
64
75
77
78
83
87
90
98
98
98
99
100
102
103
103
103
105
111
112
113
114
114
116
119
119
120
125
128
128
129
131
132
133
134
138
139
142
144
147
148
149
150
151
151
152
158
160
