299
-299
-297
-297
-293
-289
-285
-284
-273
-269
-266
-260
-243
-241
-240
-240
-235
-233
-233
-230
-228
-224
-222
-218
-218
-218
-217
-212
-211
-210
-200
-199
-198
-196
-193
-190
-190
-184
-184
-182
-180
-177
-173
-173
-172
-172
-167
-166
-165
-165
-162
-162
-161
-160
-159
-157
-154
-154
-148
-147
-144
-142
-140
-138
-132
-129
-129
-128
-123
-122
-121
-120
-117
-116
-115
-114
-113
-113
-110
-109
-105
-103
-102
-101
-97
-97
-95
-94
-94
-94
-92
-92
-92
-92
-90
-89
-87
-86
-86
-85
-83
-83
-81
-74
-71
-68
-65
-58
-57
-55
-55
-55
-53
-46
-45
-41
-40
-38
-37
-36
-32
-28
-25
-24
-24
-23
-19
-18
-18
-17
-17
-17
-13
-11
-10
-10
-8
-6
-5
-5
-5
-4
1
2
5
9
13
13
16
22
23
24
24
26
29
33
36
37
39
40
40
40
40
44
45
48
48
50
51
55
56
57
57
59
63
65
65
68
70
71
73
79
85
88
88
88
90
94
96
103
104
108
109
110
113
114
118
121
121
124
129
130
131
133
136
137
138
139
139
139
143
145
145
145
147
150
152
156
161
163
164
165
167
167
168
169
171
175
178
181
183
185
185
185
186
187
188
189
191
193
194
194
194
194
196
207
208
216
216
216
216
217
217
217
221
221
222
224
224
225
228
232
233
237
238
244
245
247
248
248
249
249
252
252
253
256
256
257
257
259
265
267
270
270
270
270
271
276
277
280
281
281
281
286
289
289
290
295
299
300
276
-301
-300
-298
-297
-291
-291
-288
-288
-284
-283
-278
-277
-274
-271
-271
-268
-268
-266
-266
-265
-265
-264
-261
-260
-260
-260
-254
-252
-251
-249
-247
-243
-237
-236
-235
-230
-230
-229
-224
-221
-218
-212
-212
-210
-208
-205
-203
-203
-203
-202
-201
-192
-191
-188
-186
-184
-178
-178
-178
-174
-173
-172
-169
-169
-167
-166
-165
-163
-161
-158
-157
-154
-154
-153
-152
-151
-147
-147
-145
-145
-141
-137
-137
-137
-136
-129
-127
-127
-126
-122
-120
-119
-119
-114
-111
-110
-109
-108
-107
-104
-102
-99
-99
-95
-92
-92
-88
-87
-85
-78
-73
-72
-70
-67
-66
-64
-59
-58
-58
-57
-56
-54
-34
-30
-30
-28
-28
-28
-22
-20
-19
-19
-18
-17
-15
-14
-12
-6
-6
-1
0
0
2
3
3
3
6
7
8
8
13
17
22
23
23
25
26
28
30
31
32
32
35
36
39
43
44
47
49
51
51
54
56
57
58
59
61
63
63
65
66
67
73
73
73
81
82
84
85
86
91
94
95
98
99
100
104
111
112
120
120
123
124
131
132
136
137
138
140
142
148
149
149
150
150
152
162
169
170
171
171
171
173
175
179
181
181
181
186
186
188
192
195
196
197
197
200
202
203
204
204
205
206
206
213
213
214
216
235
237
237
238
238
246
249
249
251
254
254
259
261
264
276
276
279
281
281
283
284
288
292
292
294
297
297
300
