96
-97
-96
-96
-96
-91
-88
-86
-83
-83
-82
-81
-81
-79
-78
-78
-76
-74
-71
-71
-67
-66
-65
-63
-63
-57
-55
-53
-49
-49
-46
-44
-42
-38
-38
-37
-36
-35
-34
-34
-33
-32
-26
-22
-18
-17
-12
-12
2
3
7
7
9
10
10
12
13
19
20
26
26
27
27
28
29
30
31
32
33
35
35
35
37
38
41
43
45
45
45
48
48
48
53
55
56
57
63
66
66
69
72
87
88
90
91
93
95
95
-94
-92
-89
-88
-85
-84
-84
-82
-82
-81
-81
-80
-78
-74
-72
-71
-70
-61
-59
-57
-55
-54
-54
-52
-52
-50
-50
-48
-47
-47
-46
-45
-41
-40
-40
-38
-34
-30
-29
-29
-27
-20
-20
-20
-19
-19
-16
-13
-12
-11
-10
-7
-5
-4
-2
2
3
9
11
16
18
19
33
35
36
37
38
43
46
46
47
47
49
50
50
58
59
66
67
70
71
72
73
74
76
78
80
82
82
86
89
90
90
93
96
