125
-115
-113
-106
-100
-99
-99
-94
-93
-92
-90
-89
-82
-80
-80
-79
-79
-78
-77
-76
-74
-73
-72
-69
-67
-66
-66
-64
-64
-61
-60
-58
-56
-55
-53
-52
-52
-50
-49
-47
-45
-39
-37
-35
-31
-26
-24
-22
-18
-16
-14
-12
-10
-4
-4
-2
2
2
3
4
5
7
11
11
11
12
13
18
19
24
25
26
26
30
36
39
45
48
50
51
54
57
62
63
63
64
64
66
66
66
70
72
74
75
75
77
80
81
81
82
82
85
88
89
90
90
92
94
99
101
104
104
105
105
107
107
108
119
121
121
121
121
123
124
125
126
115
-126
-125
-124
-119
-119
-118
-118
-114
-110
-109
-101
-100
-100
-100
-91
-89
-88
-87
-85
-84
-82
-80
-77
-76
-68
-63
-62
-62
-57
-55
-54
-52
-50
-46
-46
-45
-42
-41
-39
-38
-30
-29
-29
-29
-28
-28
-28
-26
-19
-16
-15
-15
-13
-12
-10
-8
-2
1
3
4
6
6
15
16
20
21
22
23
28
31
33
36
37
37
40
43
45
45
46
49
49
55
57
59
63
63
65
66
67
68
68
72
76
77
77
78
86
86
86
87
87
91
92
94
95
97
102
106
109
115
115
116
116
120
124
