212
-220
-218
-215
-209
-208
-208
-206
-196
-196
-195
-194
-193
-193
-193
-191
-191
-188
-185
-183
-183
-182
-182
-176
-176
-175
-175
-171
-162
-162
-158
-157
-156
-155
-155
-153
-150
-145
-143
-143
-137
-136
-130
-122
-121
-118
-117
-116
-114
-112
-111
-108
-106
-103
-101
-98
-97
-92
-90
-90
-89
-87
-86
-85
-84
-81
-79
-77
-74
-72
-72
-72
-70
-70
-67
-63
-63
-60
-58
-56
-52
-51
-48
-46
-45
-44
-43
-39
-38
-38
-37
-33
-32
-30
-30
-30
-27
-25
-24
-20
-16
-16
-8
1
4
13
13
14
15
16
18
23
25
25
29
33
34
36
37
39
44
48
52
52
53
53
55
55
58
60
62
63
65
65
68
68
68
74
76
76
77
84
88
90
91
95
99
100
101
102
102
105
105
109
110
114
115
117
119
120
121
122
125
125
126
128
130
130
133
133
133
133
134
136
137
138
138
140
142
144
146
147
152
155
159
159
171
172
174
174
178
180
180
180
181
185
188
191
191
196
197
199
201
201
204
205
210
210
213
215
215
219
219
206
-221
-217
-216
-215
-214
-213
-213
-210
-208
-202
-201
-201
-198
-198
-192
-187
-186
-184
-183
-182
-181
-181
-179
-179
-176
-171
-171
-170
-170
-164
-161
-159
-154
-152
-151
-150
-150
-149
-148
-146
-145
-145
-143
-142
-141
-140
-139
-138
-136
-135
-133
-132
-130
-130
-128
-125
-118
-116
-116
-115
-110
-110
-108
-107
-105
-105
-103
-101
-94
-93
-91
-89
-85
-84
-83
-76
-73
-71
-69
-67
-67
-62
-58
-57
-57
-57
-53
-50
-49
-49
-45
-40
-35
-35
-34
-32
-30
-30
-21
-21
-19
-19
-15
-10
-9
-8
-8
-5
-4
8
8
12
13
13
13
14
15
16
21
22
24
26
27
31
32
34
40
40
41
46
48
49
53
57
61
65
69
76
77
79
80
89
92
92
93
101
101
104
105
107
109
112
112
112
114
116
117
117
121
124
124
125
126
127
131
132
133
136
137
137
139
141
142
142
145
145
151
155
156
156
163
165
169
172
176
177
180
183
184
185
186
187
188
196
197
197
199
205
208
211
214
216
216
216
217
220
