412
-430
-429
-418
-418
-418
-417
-415
-409
-409
-398
-398
-398
-392
-392
-391
-383
-370
-368
-367
-363
-362
-361
-360
-358
-358
-357
-357
-355
-354
-351
-348
-342
-340
-337
-335
-332
-328
-327
-326
-324
-324
-324
-321
-320
-314
-311
-307
-303
-303
-296
-296
-296
-296
-292
-292
-287
-284
-284
-283
-279
-277
-274
-274
-273
-270
-268
-268
-268
-266
-264
-264
-263
-262
-259
-258
-258
-255
-255
-248
-247
-247
-243
-239
-229
-228
-228
-226
-224
-222
-222
-220
-218
-213
-209
-209
-205
-204
-204
-200
-199
-198
-197
-196
-196
-192
-191
-191
-190
-189
-189
-188
-185
-184
-182
-179
-178
-173
-172
-171
-167
-160
-159
-158
-150
-145
-144
-141
-141
-137
-136
-136
-135
-130
-129
-129
-121
-119
-119
-117
-117
-110
-106
-100
-98
-94
-92
-91
-90
-89
-88
-88
-87
-86
-86
-85
-82
-82
-81
-80
-77
-76
-75
-71
-70
-68
-67
-67
-66
-66
-65
-63
-63
-60
-60
-60
-58
-53
-53
-52
-51
-48
-45
-42
-42
-39
-37
-36
-32
-31
-30
-29
-28
-26
-24
-22
-21
-20
-19
-19
-18
-15
-12
-12
-12
-11
-8
-8
-5
-4
-3
2
4
4
6
6
8
9
11
11
11
12
17
23
26
26
29
29
34
34
34
35
35
36
39
42
46
47
49
49
49
51
53
55
55
61
63
64
65
65
66
69
70
73
74
74
79
84
85
86
90
91
92
93
94
95
95
98
100
102
102
103
104
104
109
112
112
116
120
121
122
122
123
123
124
124
129
132
136
137
138
138
149
151
153
154
154
155
157
158
162
166
166
170
173
173
174
174
181
181
182
183
186
187
187
189
194
195
195
197
202
208
208
209
211
212
214
220
221
222
229
233
235
236
236
241
241
243
243
244
245
248
249
249
255
256
257
261
261
264
269
270
273
277
278
283
284
287
288
289
292
292
295
303
304
312
315
315
322
323
333
336
337
337
343
346
349
352
352
354
356
363
364
364
367
367
370
370
378
381
387
389
391
391
392
393
394
395
396
401
403
403
403
406
409
410
412
414
418
418
418
423
424
423
-429
-427
-426
-425
-424
-423
-423
-422
-419
-417
-417
-416
-416
-411
-409
-409
-403
-398
-397
-397
-396
-392
-392
-390
-386
-382
-382
-381
-375
-375
-374
-374
-373
-372
-367
-364
-359
-357
-357
-353
-350
-349
-349
-349
-346
-346
-345
-344
-342
-334
-330
-329
-328
-326
-321
-318
-317
-317
-316
-313
-305
-299
-297
-295
-294
-293
-292
-289
-281
-281
-278
-276
-275
-274
-271
-269
-265
-263
-259
-258
-258
-257
-257
-256
-254
-249
-249
-246
-244
-241
-239
-238
-236
-233
-229
-227
-221
-217
-217
-215
-211
-210
-209
-209
-207
-207
-206
-205
-200
-199
-197
-197
-193
-190
-190
-189
-188
-184
-183
-183
-183
-181
-177
-177
-173
-171
-169
-167
-163
-161
-161
-161
-154
-151
-149
-148
-148
-148
-147
-146
-141
-135
-132
-131
-130
-128
-127
-126
-123
-120
-116
-109
-109
-107
-103
-103
-100
-96
-96
-95
-95
-95
-94
-90
-81
-81
-80
-77
-75
-75
-73
-70
-66
-65
-64
-61
-60
-55
-54
-54
-52
-49
-47
-47
-41
-40
-38
-38
-35
-33
-31
-31
-30
-28
-28
-28
-27
-26
-23
-23
-19
-18
-15
-14
-12
-10
-10
-5
-3
-3
2
3
3
6
6
8
10
10
12
14
15
15
17
20
21
21
24
27
28
28
30
32
32
34
36
37
43
44
45
45
47
47
49
50
51
51
56
58
59
63
66
66
66
67
69
75
77
78
79
80
90
93
97
99
99
100
102
115
117
124
126
127
128
130
134
134
135
135
137
139
141
148
149
153
153
155
156
157
159
159
162
163
164
164
166
166
167
172
172
176
177
178
178
178
186
188
189
191
191
196
206
218
219
219
219
223
224
224
224
226
226
229
233
234
234
234
235
238
238
240
242
243
246
248
250
253
255
260
266
268
268
269
270
271
273
274
274
275
276
277
278
283
285
287
287
289
290
290
291
291
292
294
295
296
298
298
302
303
308
309
310
311
313
317
320
322
323
326
327
328
331
331
331
332
336
340
343
344
354
356
358
359
360
363
364
366
366
371
376
377
379
380
380
381
383
384
387
388
393
398
400
401
402
408
412
412
418
418
420
423
428
428
428
