2
1
284
6
8
7
0
1
3
8
7
9
5
9
4
5
1
0
1
4
5
6
7
10
3
10
0
7
0
1
7
8
1
5
3
1
4
6
0
1
8
0
2
5
8
4
10
8
2
4
2
2
1
0
3
4
3
0
9
3
6
3
7
3
9
2
6
10
7
8
6
1
8
8
7
2
5
10
6
6
3
5
4
6
6
2
3
5
9
9
0
2
8
8
5
0
2
8
4
4
9
3
5
2
2
7
0
9
4
3
2
6
4
10
1
3
7
0
2
4
4
9
1
5
2
3
9
2
3
2
8
6
0
4
4
9
2
10
0
7
10
5
6
8
10
6
4
7
3
2
4
7
9
8
2
0
1
8
4
1
5
10
1
9
2
4
0
1
3
5
4
0
6
6
9
1
0
2
1
4
5
1
6
4
7
7
10
0
9
4
6
5
9
6
7
3
7
3
5
5
10
2
8
7
6
9
6
7
2
9
10
8
8
7
9
9
8
8
0
7
5
4
0
10
6
3
3
8
9
4
9
10
8
5
6
0
5
3
2
10
9
7
7
1
0
9
0
10
8
4
2
1
2
1
9
6
10
3
3
10
4
10
9
0
6
3
5
0
1
8
0
0
6
7
5
8
6
10
1
0
0
1
1
2
5
7
3
