409
4
9
6
3
0
9
6
8
5
2
1
5
3
9
6
8
8
5
2
8
9
9
2
5
8
8
0
4
0
1
5
8
2
9
6
0
5
6
7
4
3
1
2
5
4
0
8
3
7
8
5
8
6
4
7
7
4
3
1
6
0
0
3
6
8
9
8
0
5
5
6
1
4
1
4
5
6
5
2
3
6
4
8
3
3
4
9
3
4
9
0
1
7
1
4
3
5
4
2
8
4
7
1
1
5
8
1
7
8
1
7
2
2
8
5
2
1
2
8
0
2
5
0
9
0
4
3
6
4
4
0
3
1
3
9
7
6
2
5
8
8
9
5
0
8
8
1
2
2
3
1
0
6
8
6
5
0
2
8
3
5
7
0
8
8
1
0
7
0
3
3
8
3
0
8
0
5
3
7
7
0
9
3
0
3
4
9
6
7
9
3
3
4
9
3
3
1
6
9
4
5
4
4
1
1
9
5
4
8
9
0
6
2
5
4
2
8
7
9
1
0
0
1
4
0
2
3
4
9
9
9
0
5
1
8
9
0
2
0
3
7
6
0
9
4
2
4
2
0
9
2
6
1
9
9
8
1
9
7
8
0
7
9
1
9
9
3
5
9
1
4
3
8
5
0
4
2
1
1
8
5
4
5
6
3
0
5
6
6
4
8
4
0
5
9
7
7
3
1
1
9
8
7
2
0
0
4
4
2
6
4
4
2
6
6
9
1
0
1
3
5
3
0
3
2
9
9
3
0
4
8
0
9
1
6
6
7
7
3
0
0
0
7
0
5
5
7
4
8
5
8
6
3
8
2
8
3
9
4
1
2
0
1
7
6
0
5
5
3
1
8
4
2
8
5
4
4
8
5
2
2
4
4
0
0
2
3
2
7
2
3
4
9
2
6
3
6
4
2
8
3
4
9
9
0
5
0
4
9
