286
4
1
0
2
6
1
9
6
9
9
3
7
8
1
9
4
9
7
0
9
6
4
2
4
4
9
5
4
9
6
8
9
7
5
7
8
4
7
2
8
1
3
2
6
4
5
9
4
5
1
1
0
8
1
8
3
9
0
7
6
0
2
1
6
3
7
0
0
5
3
5
7
1
5
6
1
5
3
0
4
3
2
1
5
0
1
1
7
2
3
7
9
5
7
3
0
0
3
3
7
9
4
6
0
6
5
9
8
1
1
8
4
4
4
2
4
9
6
5
3
2
7
0
4
2
8
2
0
8
6
0
2
9
5
6
6
2
0
0
5
6
6
6
4
6
8
6
7
4
2
1
5
4
0
6
8
5
3
2
8
4
1
4
8
2
9
5
8
3
3
0
3
6
2
1
8
4
1
5
7
2
4
6
3
6
2
5
5
1
8
3
1
3
0
1
3
5
2
5
4
1
8
6
5
7
9
8
3
0
1
3
0
3
9
1
5
0
2
2
9
3
6
7
1
7
4
9
1
4
7
9
2
7
1
2
3
3
2
8
0
9
4
3
5
2
0
9
9
0
0
2
9
6
0
1
6
0
6
5
5
3
0
6
6
0
4
3
4
4
4
2
7
8
9
9
4
9
5
8
2
4
7
7
8
7
3
